SM:2025-11-06T16:01:20.9066105Z
LM:2025-11-06T16:01:23.7065260Z
CT:image/jpeg
MA:2592000
CL:38126
