SM:2025-11-06T16:01:20.9142111Z
LM:2025-11-10T19:17:03.0560386Z
CT:image/jpeg
MA:2592000
CL:13019
