SM:2025-11-06T16:01:20.9152172Z
LM:2025-11-06T16:01:23.6416685Z
CT:image/jpeg
MA:2592000
CL:19583
