SM:2025-11-06T16:01:20.9106772Z
LM:2025-11-06T16:01:23.7081734Z
CT:image/jpeg
MA:2592000
CL:22586
