SM:2025-11-06T16:01:20.9076211Z
LM:2025-11-06T16:01:23.7127017Z
CT:image/jpeg
MA:2592000
CL:23637
