SM:2025-11-06T16:01:20.9162252Z
LM:2025-11-10T19:17:03.0566650Z
CT:image/jpeg
MA:2592000
CL:18260
