SM:2025-11-06T16:01:20.9117004Z
LM:2025-11-10T19:17:03.0550738Z
CT:image/jpeg
MA:2592000
CL:9919
