SM:2025-11-06T16:01:20.8964152Z
LM:2025-11-10T19:17:03.0574801Z
CT:image/jpeg
MA:2592000
CL:26525
