SM:2025-11-06T16:01:20.9096711Z
LM:2025-11-10T19:17:03.0550042Z
CT:image/jpeg
MA:2592000
CL:8300
