SM:2025-11-06T16:01:20.9162252Z
LM:2025-11-06T16:01:23.6410186Z
CT:image/jpeg
MA:2592000
CL:18260
