SM:2025-12-04T13:35:20.4046524Z
LM:2025-12-04T13:35:22.6114447Z
CT:image/jpeg
MA:2592000
CL:412650
