SM:2025-11-06T16:01:20.9096711Z
LM:2025-11-06T16:01:23.6736077Z
CT:image/jpeg
MA:2592000
CL:32227
