SM:2025-11-06T16:01:20.8994155Z
LM:2025-11-06T16:01:23.6341747Z
CT:image/jpeg
MA:2592000
CL:8504
