SM:2025-11-06T16:01:20.9066105Z
LM:2025-11-06T16:01:23.6360396Z
CT:image/jpeg
MA:2592000
CL:36532
