SM:2025-11-06T16:01:20.9005203Z
LM:2025-11-06T16:01:23.6338751Z
CT:image/jpeg
MA:2592000
CL:13487
