SM:2025-11-06T16:01:20.8964152Z
LM:2025-11-06T16:01:23.6360024Z
CT:image/jpeg
MA:2592000
CL:14965
