SM:2025-11-06T16:01:20.9117004Z
LM:2025-11-06T16:01:23.7026418Z
CT:image/jpeg
MA:2592000
CL:39622
