SM:2025-11-06T16:01:20.9015326Z
LM:2025-11-06T16:01:23.6338743Z
CT:image/jpeg
MA:2592000
CL:12153
